version https://git-lfs.github.com/spec/v1
oid sha256:1e32b917b15fc55ffa68cb15910b9a9b0afe7827fb4a227682d2858c1a669934
size 7928
