version https://git-lfs.github.com/spec/v1
oid sha256:04fc8c2a521dcd788c4a2c44f3fa43d5e9d61a13a28a0e43bf799e511ef7a07d
size 4412
