version https://git-lfs.github.com/spec/v1
oid sha256:fadf33fad6ca7bf0667bd09cd93efe7de9badfca642c0d66527c65f5e13b74fb
size 5574
