version https://git-lfs.github.com/spec/v1
oid sha256:8665fd25b0f881d1c4163c3962e99eb534218ca6e83b65af388a4fde3e62012d
size 9424
