version https://git-lfs.github.com/spec/v1
oid sha256:4dac93a1705923a1b637a61d42b2faf616d5dee83e58f64fb4767610b08b9cf3
size 6192
