version https://git-lfs.github.com/spec/v1
oid sha256:9f057928746f0fa642856e0ca0e9b15dc445ca353e8c8ac4f3b68553a5dfa94b
size 2807
