version https://git-lfs.github.com/spec/v1
oid sha256:46fff33cf6de309964da4dd0fa903f26eaf43276e117f88f722f2f9583c8f477
size 2456
