version https://git-lfs.github.com/spec/v1
oid sha256:ff407c05789d8dcfd72e1e153438b28265ce8707dbdd49c2820254bb568000c2
size 7155
