version https://git-lfs.github.com/spec/v1
oid sha256:785ad64f2d1b133a2eecbffdf6c8ec3da765a5193662c804800616b13cdb260d
size 20517
