version https://git-lfs.github.com/spec/v1
oid sha256:b0ff63ef53f72ae66e59769df273686861bc1b1d598677665d578c0c83e39459
size 14167
