version https://git-lfs.github.com/spec/v1
oid sha256:8ece0df2047fddb10dfa9db060ee0f20138e663a1aea8550a1b91cf2b94252aa
size 6856
