version https://git-lfs.github.com/spec/v1
oid sha256:0961a2891688c345377df49409c787df0aece2fd0121df143a6a96370c22bda2
size 2560
